300	0
300	1
300	2
300	3
300	4
300	5
300	6
300	7
300	8
300	9
300	10
300	11
301	12
301	13
301	14
301	15
301	16
301	17
301	18
301	19
301	20
301	21
301	22
301	23
301	24
301	25
301	26
301	27
301	28
301	29
301	30
301	31
301	32
301	33
301	34
301	35
302	36
302	37
302	38
302	39
302	40
302	41
302	42
302	43
302	44
302	45
302	46
302	47
302	48
302	49
302	50
302	51
302	52
302	53
302	54
302	55
302	56
302	57
302	58
302	59
302	60
303	61
303	62
303	63
303	64
303	65
303	66
303	67
303	68
303	69
303	70
303	71
303	72
303	73
303	74
303	75
303	76
303	77
303	78
303	79
303	80
303	81
303	82
303	83
303	84
303	85
304	86
304	87
304	88
304	89
304	90
304	91
304	92
304	93
304	94
304	95
304	96
304	97
304	98
304	99
304	100
304	101
304	102
304	103
304	104
304	105
304	106
304	107
304	108
304	109
304	110
304	111
305	112
305	113
305	114
305	115
305	116
305	117
305	118
305	119
305	120
305	121
305	122
305	123
305	124
305	125
305	126
305	127
305	128
305	129
305	130
305	131
305	132
305	133
305	134
305	135
305	136
305	137
305	138
305	139
306	140
306	141
306	142
306	143
306	144
306	145
306	146
306	147
306	148
306	149
306	150
306	151
306	152
306	153
306	154
306	155
306	156
306	157
306	158
306	159
306	160
306	161
306	162
306	163
306	164
306	165
306	166
306	167
306	168
307	169
307	170
307	171
307	172
307	173
307	174
307	175
307	176
307	177
307	178
307	179
307	180
307	181
307	182
307	183
307	184
307	185
307	186
307	187
307	188
307	189
307	190
307	191
307	192
307	193
307	194
307	195
307	196
307	197
307	198
307	199
307	200
307	201
307	202
308	203
308	204
308	205
308	206
308	207
308	208
308	209
308	210
308	211
308	212
308	213
308	214
308	215
308	216
308	217
308	218
308	219
308	220
308	221
308	222
308	223
308	224
308	225
308	226
308	227
308	228
308	229
308	230
308	231
308	232
308	233
308	234
308	235
308	236
308	237
308	238
308	239
308	240
308	241
308	242
309	243
309	244
309	245
309	246
309	247
309	248
309	249
309	250
309	251
309	252
309	253
309	254
309	255
309	256
309	257
309	258
309	259
309	260
309	261
309	262
309	263
309	264
309	265
309	266
309	267
309	268
309	269
309	270
309	271
309	272
309	273
309	274
309	275
309	276
309	277
309	278
309	279
309	280
309	281
309	282
309	283
309	284
309	285
309	286
309	287
309	288
309	289
309	290
309	291
309	292
309	293
309	294
309	295
309	296
309	297
309	298
309	299
310	300
310	301
310	302
310	303
310	304
310	305
310	306
310	307
310	308
310	309
310	310
310	311
310	312
310	313
310	314
310	315
310	316
310	317
310	318
310	319
310	320
310	321
310	322
310	323
310	324
310	325
310	326
310	327
310	328
310	329
310	330
310	331
310	332
310	333
310	334
310	335
310	336
310	337
310	338
310	339
310	340
310	341
310	342
310	343
310	344
310	345
310	346
310	347
310	348
310	349
310	350
310	351
310	352
310	353
310	354
310	355
310	356
310	357
310	358
310	359
310	360
310	361
310	362
310	363
310	364
310	365
310	366
310	367
310	368
310	369
310	370
310	371
310	372
310	373
310	374
310	375
310	376
310	377
310	378
310	379
310	380
310	381
310	382
310	383
310	384
310	385
310	386
310	387
310	388
310	389
310	390
310	391
310	392
310	393
310	394
310	395
310	396
310	397
310	398
310	399
310	400
310	401
310	402
310	403
310	404
310	405
310	406
310	407
310	408
310	409
310	410
310	411
310	412
310	413
310	414
310	415
310	416
310	417
310	418
310	419
310	420
310	421
310	422
310	423
310	424
310	425
310	426
310	427
310	428
310	429
310	430
310	431
310	432
310	433
310	434
310	435
310	436
310	437
310	438
310	439
310	440
310	441
310	442
310	443
310	444
310	445
310	446
310	447
310	448
310	449
310	450
309	451
309	452
309	453
309	454
309	455
309	456
309	457
309	458
309	459
309	460
309	461
309	462
309	463
309	464
309	465
309	466
309	467
309	468
309	469
309	470
309	471
309	472
309	473
309	474
309	475
309	476
309	477
309	478
309	479
309	480
309	481
309	482
309	483
309	484
309	485
309	486
309	487
309	488
309	489
309	490
309	491
309	492
309	493
309	494
309	495
309	496
309	497
333	498
309	499
389	500
309	501
341	502
309	503
309	504
309	505
309	506
309	507
308	508
308	509
308	510
308	511
308	512
308	513
308	514
308	515
308	516
308	517
308	518
308	519
308	520
308	521
308	522
308	523
308	524
308	525
308	526
308	527
308	528
308	529
308	530
308	531
308	532
308	533
308	534
308	535
308	536
308	537
308	538
308	539
308	540
308	541
308	542
308	543
308	544
308	545
308	546
308	547
307	548
307	549
307	550
307	551
307	552
307	553
307	554
307	555
307	556
307	557
307	558
307	559
307	560
307	561
307	562
307	563
307	564
307	565
307	566
307	567
307	568
307	569
307	570
307	571
307	572
307	573
307	574
307	575
307	576
307	577
307	578
307	579
307	580
307	581
306	582
306	583
306	584
306	585
306	586
306	587
306	588
306	589
306	590
306	591
306	592
306	593
306	594
306	595
306	596
306	597
306	598
306	599
306	600
306	601
306	602
306	603
306	604
306	605
306	606
306	607
306	608
306	609
306	610
305	611
305	612
305	613
305	614
305	615
305	616
305	617
305	618
305	619
305	620
305	621
305	622
305	623
305	624
305	625
305	626
305	627
305	628
305	629
305	630
305	631
305	632
305	633
305	634
305	635
305	636
305	637
305	638
304	639
304	640
304	641
304	642
304	643
304	644
304	645
304	646
304	647
304	648
304	649
304	650
304	651
304	652
304	653
304	654
304	655
304	656
304	657
304	658
304	659
304	660
304	661
304	662
304	663
304	664
303	665
303	666
303	667
303	668
303	669
303	670
303	671
303	672
303	673
303	674
303	675
303	676
303	677
303	678
303	679
303	680
303	681
303	682
303	683
303	684
303	685
303	686
303	687
303	688
303	689
302	690
302	691
302	692
302	693
302	694
302	695
302	696
302	697
302	698
302	699
302	700
302	701
302	702
302	703
302	704
302	705
302	706
302	707
302	708
302	709
302	710
302	711
302	712
302	713
302	714
301	715
301	716
301	717
301	718
301	719
301	720
301	721
301	722
301	723
301	724
301	725
301	726
301	727
301	728
301	729
301	730
301	731
301	732
301	733
301	734
301	735
301	736
301	737
301	738
300	739
300	740
300	741
300	742
300	743
300	744
300	745
300	746
300	747
300	748
300	749
300	750
300	751
300	752
300	753
300	754
300	755
300	756
300	757
300	758
300	759
300	760
300	761
299	762
299	763
299	764
299	765
299	766
299	767
299	768
299	769
299	770
299	771
299	772
299	773
299	774
299	775
299	776
299	777
299	778
299	779
299	780
299	781
299	782
299	783
299	784
299	785
298	786
298	787
298	788
298	789
298	790
298	791
298	792
298	793
298	794
298	795
298	796
298	797
298	798
298	799
298	800
298	801
298	802
298	803
298	804
298	805
298	806
298	807
298	808
298	809
298	810
297	811
297	812
297	813
297	814
297	815
297	816
297	817
297	818
297	819
297	820
297	821
297	822
297	823
297	824
297	825
297	826
297	827
297	828
297	829
297	830
297	831
297	832
297	833
297	834
297	835
296	836
296	837
296	838
296	839
296	840
296	841
296	842
296	843
296	844
296	845
296	846
296	847
296	848
296	849
296	850
296	851
296	852
296	853
296	854
296	855
296	856
296	857
296	858
296	859
296	860
296	861
295	862
295	863
295	864
295	865
295	866
295	867
295	868
295	869
295	870
295	871
295	872
295	873
295	874
295	875
295	876
295	877
295	878
295	879
295	880
295	881
295	882
295	883
295	884
295	885
295	886
295	887
295	888
295	889
294	890
294	891
294	892
294	893
294	894
294	895
294	896
294	897
294	898
294	899
294	900
294	901
294	902
294	903
294	904
294	905
294	906
294	907
294	908
294	909
294	910
294	911
294	912
294	913
294	914
294	915
294	916
294	917
294	918
293	919
293	920
293	921
293	922
293	923
293	924
293	925
293	926
293	927
293	928
293	929
293	930
293	931
293	932
293	933
293	934
293	935
293	936
293	937
293	938
293	939
293	940
293	941
293	942
293	943
293	944
293	945
293	946
293	947
293	948
293	949
293	950
293	951
293	952
292	953
292	954
292	955
292	956
292	957
292	958
292	959
292	960
292	961
292	962
292	963
292	964
292	965
292	966
292	967
292	968
292	969
292	970
292	971
292	972
292	973
292	974
292	975
292	976
292	977
292	978
292	979
292	980
292	981
292	982
292	983
292	984
292	985
292	986
292	987
292	988
292	989
292	990
292	991
292	992
291	993
291	994
291	995
291	996
291	997
315	998
291	999
371	1000
291	1001
323	1002
291	1003
291	1004
291	1005
291	1006
291	1007
291	1008
291	1009
291	1010
291	1011
291	1012
291	1013
291	1014
291	1015
291	1016
291	1017
291	1018
291	1019
291	1020
291	1021
291	1022
291	1023
291	1024
291	1025
291	1026
291	1027
291	1028
291	1029
291	1030
291	1031
291	1032
291	1033
291	1034
291	1035
291	1036
291	1037
291	1038
291	1039
291	1040
291	1041
291	1042
291	1043
291	1044
291	1045
291	1046
291	1047
291	1048
291	1049
290	1050
290	1051
290	1052
290	1053
290	1054
290	1055
290	1056
290	1057
290	1058
290	1059
290	1060
290	1061
290	1062
290	1063
290	1064
290	1065
290	1066
290	1067
290	1068
290	1069
290	1070
290	1071
290	1072
290	1073
290	1074
290	1075
290	1076
290	1077
290	1078
290	1079
290	1080
290	1081
290	1082
290	1083
290	1084
290	1085
290	1086
290	1087
290	1088
290	1089
290	1090
290	1091
290	1092
290	1093
290	1094
290	1095
290	1096
290	1097
290	1098
290	1099
290	1100
290	1101
290	1102
290	1103
290	1104
290	1105
290	1106
290	1107
290	1108
290	1109
290	1110
290	1111
290	1112
290	1113
290	1114
290	1115
290	1116
290	1117
290	1118
290	1119
290	1120
290	1121
290	1122
290	1123
290	1124
290	1125
290	1126
290	1127
290	1128
290	1129
290	1130
290	1131
290	1132
290	1133
290	1134
290	1135
290	1136
290	1137
290	1138
290	1139
290	1140
290	1141
290	1142
290	1143
290	1144
290	1145
290	1146
290	1147
290	1148
290	1149
290	1150
290	1151
290	1152
290	1153
290	1154
290	1155
290	1156
290	1157
290	1158
290	1159
290	1160
290	1161
290	1162
290	1163
290	1164
290	1165
290	1166
290	1167
290	1168
290	1169
290	1170
290	1171
290	1172
290	1173
290	1174
290	1175
290	1176
290	1177
290	1178
290	1179
290	1180
290	1181
290	1182
290	1183
290	1184
290	1185
290	1186
290	1187
290	1188
290	1189
290	1190
290	1191
290	1192
290	1193
290	1194
290	1195
290	1196
290	1197
290	1198
290	1199
290	1200
291	1201
291	1202
291	1203
291	1204
291	1205
291	1206
291	1207
291	1208
291	1209
291	1210
291	1211
291	1212
291	1213
291	1214
291	1215
291	1216
291	1217
291	1218
291	1219
291	1220
291	1221
291	1222
291	1223
291	1224
291	1225
291	1226
291	1227
291	1228
291	1229
291	1230
291	1231
291	1232
291	1233
291	1234
291	1235
291	1236
291	1237
291	1238
291	1239
291	1240
291	1241
291	1242
291	1243
291	1244
291	1245
291	1246
291	1247
291	1248
291	1249
291	1250
291	1251
291	1252
291	1253
291	1254
291	1255
291	1256
291	1257
292	1258
292	1259
292	1260
292	1261
292	1262
292	1263
292	1264
292	1265
292	1266
292	1267
292	1268
292	1269
292	1270
292	1271
292	1272
292	1273
292	1274
292	1275
292	1276
292	1277
292	1278
292	1279
292	1280
292	1281
292	1282
292	1283
292	1284
292	1285
292	1286
292	1287
292	1288
292	1289
292	1290
292	1291
292	1292
292	1293
292	1294
292	1295
292	1296
292	1297
293	1298
293	1299
293	1300
293	1301
293	1302
293	1303
293	1304
293	1305
293	1306
293	1307
293	1308
293	1309
293	1310
293	1311
293	1312
293	1313
293	1314
293	1315
293	1316
293	1317
293	1318
293	1319
293	1320
293	1321
293	1322
293	1323
293	1324
293	1325
293	1326
293	1327
293	1328
293	1329
293	1330
293	1331
294	1332
294	1333
294	1334
294	1335
294	1336
294	1337
294	1338
294	1339
294	1340
294	1341
294	1342
294	1343
294	1344
294	1345
294	1346
294	1347
294	1348
294	1349
294	1350
294	1351
294	1352
294	1353
294	1354
294	1355
294	1356
294	1357
294	1358
294	1359
294	1360
295	1361
295	1362
295	1363
295	1364
295	1365
295	1366
295	1367
295	1368
295	1369
295	1370
295	1371
295	1372
295	1373
295	1374
295	1375
295	1376
295	1377
295	1378
295	1379
295	1380
295	1381
295	1382
295	1383
295	1384
295	1385
295	1386
295	1387
295	1388
296	1389
296	1390
296	1391
296	1392
296	1393
296	1394
296	1395
296	1396
296	1397
296	1398
296	1399
296	1400
296	1401
296	1402
296	1403
296	1404
296	1405
296	1406
296	1407
296	1408
296	1409
296	1410
296	1411
296	1412
296	1413
296	1414
297	1415
297	1416
297	1417
297	1418
297	1419
297	1420
297	1421
297	1422
297	1423
297	1424
297	1425
297	1426
297	1427
297	1428
297	1429
297	1430
297	1431
297	1432
297	1433
297	1434
297	1435
297	1436
297	1437
297	1438
297	1439
298	1440
298	1441
298	1442
298	1443
298	1444
298	1445
298	1446
298	1447
298	1448
298	1449
298	1450
298	1451
298	1452
298	1453
298	1454
298	1455
298	1456
298	1457
298	1458
298	1459
298	1460
298	1461
298	1462
298	1463
298	1464
299	1465
299	1466
299	1467
299	1468
299	1469
299	1470
299	1471
299	1472
299	1473
299	1474
299	1475
299	1476
299	1477
299	1478
299	1479
299	1480
299	1481
299	1482
299	1483
299	1484
299	1485
299	1486
299	1487
299	1488
300	1489
300	1490
300	1491
300	1492
300	1493
300	1494
300	1495
300	1496
300	1497
324	1498
300	1499
380	1500
300	1501
332	1502
300	1503
300	1504
300	1505
300	1506
300	1507
300	1508
300	1509
300	1510
300	1511
301	1512
301	1513
301	1514
301	1515
301	1516
301	1517
301	1518
301	1519
301	1520
301	1521
301	1522
301	1523
301	1524
301	1525
301	1526
301	1527
301	1528
301	1529
301	1530
301	1531
301	1532
301	1533
301	1534
301	1535
302	1536
302	1537
302	1538
302	1539
302	1540
302	1541
302	1542
302	1543
302	1544
302	1545
302	1546
302	1547
302	1548
302	1549
302	1550
302	1551
302	1552
302	1553
302	1554
302	1555
302	1556
302	1557
302	1558
302	1559
302	1560
303	1561
303	1562
303	1563
303	1564
303	1565
303	1566
303	1567
303	1568
303	1569
303	1570
303	1571
303	1572
303	1573
303	1574
303	1575
303	1576
303	1577
303	1578
303	1579
303	1580
303	1581
303	1582
303	1583
303	1584
303	1585
304	1586
304	1587
304	1588
304	1589
304	1590
304	1591
304	1592
304	1593
304	1594
304	1595
304	1596
304	1597
304	1598
304	1599
304	1600
304	1601
304	1602
304	1603
304	1604
304	1605
304	1606
304	1607
304	1608
304	1609
304	1610
304	1611
305	1612
305	1613
305	1614
305	1615
305	1616
305	1617
305	1618
305	1619
305	1620
305	1621
305	1622
305	1623
305	1624
305	1625
305	1626
305	1627
305	1628
305	1629
305	1630
305	1631
305	1632
305	1633
305	1634
305	1635
305	1636
305	1637
305	1638
305	1639
306	1640
306	1641
306	1642
306	1643
306	1644
306	1645
306	1646
306	1647
306	1648
306	1649
306	1650
306	1651
306	1652
306	1653
306	1654
306	1655
306	1656
306	1657
306	1658
306	1659
306	1660
306	1661
306	1662
306	1663
306	1664
306	1665
306	1666
306	1667
306	1668
307	1669
307	1670
307	1671
307	1672
307	1673
307	1674
307	1675
307	1676
307	1677
307	1678
307	1679
307	1680
307	1681
307	1682
307	1683
307	1684
307	1685
307	1686
307	1687
307	1688
307	1689
307	1690
307	1691
307	1692
307	1693
307	1694
307	1695
307	1696
307	1697
307	1698
307	1699
307	1700
307	1701
307	1702
308	1703
308	1704
308	1705
308	1706
308	1707
308	1708
308	1709
308	1710
308	1711
308	1712
308	1713
308	1714
308	1715
308	1716
308	1717
308	1718
308	1719
308	1720
308	1721
308	1722
308	1723
308	1724
308	1725
308	1726
308	1727
308	1728
308	1729
308	1730
308	1731
308	1732
308	1733
308	1734
308	1735
308	1736
308	1737
308	1738
308	1739
308	1740
308	1741
308	1742
309	1743
309	1744
309	1745
309	1746
309	1747
309	1748
309	1749
309	1750
309	1751
309	1752
309	1753
309	1754
309	1755
309	1756
309	1757
309	1758
309	1759
309	1760
309	1761
309	1762
309	1763
309	1764
309	1765
309	1766
309	1767
309	1768
309	1769
309	1770
309	1771
309	1772
309	1773
309	1774
309	1775
309	1776
309	1777
309	1778
309	1779
309	1780
309	1781
309	1782
309	1783
309	1784
309	1785
309	1786
309	1787
309	1788
309	1789
309	1790
309	1791
309	1792
309	1793
309	1794
309	1795
309	1796
309	1797
309	1798
309	1799
310	1800
310	1801
310	1802
310	1803
310	1804
310	1805
310	1806
310	1807
310	1808
310	1809
310	1810
310	1811
310	1812
310	1813
310	1814
310	1815
310	1816
310	1817
310	1818
310	1819
310	1820
310	1821
310	1822
310	1823
310	1824
310	1825
310	1826
310	1827
310	1828
310	1829
310	1830
310	1831
310	1832
310	1833
310	1834
310	1835
310	1836
310	1837
310	1838
310	1839
310	1840
310	1841
310	1842
310	1843
310	1844
310	1845
310	1846
310	1847
310	1848
310	1849
310	1850
310	1851
310	1852
310	1853
310	1854
310	1855
310	1856
310	1857
310	1858
310	1859
310	1860
310	1861
310	1862
310	1863
310	1864
310	1865
310	1866
310	1867
310	1868
310	1869
310	1870
310	1871
310	1872
310	1873
310	1874
310	1875
310	1876
310	1877
310	1878
310	1879
310	1880
310	1881
310	1882
310	1883
310	1884
310	1885
310	1886
310	1887
310	1888
310	1889
310	1890
310	1891
310	1892
310	1893
310	1894
310	1895
310	1896
310	1897
310	1898
310	1899
310	1900
310	1901
310	1902
310	1903
310	1904
310	1905
310	1906
310	1907
310	1908
310	1909
310	1910
310	1911
310	1912
310	1913
310	1914
310	1915
310	1916
310	1917
310	1918
310	1919
310	1920
310	1921
310	1922
310	1923
310	1924
310	1925
310	1926
310	1927
310	1928
310	1929
310	1930
310	1931
310	1932
310	1933
310	1934
310	1935
310	1936
310	1937
310	1938
310	1939
310	1940
310	1941
310	1942
310	1943
310	1944
310	1945
310	1946
310	1947
310	1948
310	1949
310	1950
309	1951
309	1952
309	1953
309	1954
309	1955
309	1956
309	1957
309	1958
309	1959
309	1960
309	1961
309	1962
309	1963
309	1964
309	1965
309	1966
309	1967
309	1968
309	1969
309	1970
309	1971
309	1972
309	1973
309	1974
309	1975
309	1976
309	1977
309	1978
309	1979
309	1980
309	1981
309	1982
309	1983
309	1984
309	1985
309	1986
309	1987
309	1988
309	1989
309	1990
309	1991
309	1992
309	1993
309	1994
309	1995
309	1996
309	1997
333	1998
309	1999
389	2000
309	2001
341	2002
309	2003
309	2004
309	2005
309	2006
309	2007
308	2008
308	2009
308	2010
308	2011
308	2012
308	2013
308	2014
308	2015
308	2016
308	2017
308	2018
308	2019
308	2020
308	2021
308	2022
308	2023
308	2024
308	2025
308	2026
308	2027
308	2028
308	2029
308	2030
308	2031
308	2032
308	2033
308	2034
308	2035
308	2036
308	2037
308	2038
308	2039
308	2040
308	2041
308	2042
308	2043
308	2044
308	2045
308	2046
308	2047
307	2048
307	2049
307	2050
307	2051
307	2052
307	2053
307	2054
307	2055
307	2056
307	2057
307	2058
307	2059
307	2060
307	2061
307	2062
307	2063
307	2064
307	2065
307	2066
307	2067
307	2068
307	2069
307	2070
307	2071
307	2072
307	2073
307	2074
307	2075
307	2076
307	2077
307	2078
307	2079
307	2080
307	2081
306	2082
306	2083
306	2084
306	2085
306	2086
306	2087
306	2088
306	2089
306	2090
306	2091
306	2092
306	2093
306	2094
306	2095
306	2096
306	2097
306	2098
306	2099
306	2100
306	2101
306	2102
306	2103
306	2104
306	2105
306	2106
306	2107
306	2108
306	2109
306	2110
305	2111
305	2112
305	2113
305	2114
305	2115
305	2116
305	2117
305	2118
305	2119
305	2120
305	2121
305	2122
305	2123
305	2124
305	2125
305	2126
305	2127
305	2128
305	2129
305	2130
305	2131
305	2132
305	2133
305	2134
305	2135
305	2136
305	2137
305	2138
304	2139
304	2140
304	2141
304	2142
304	2143
304	2144
304	2145
304	2146
304	2147
304	2148
304	2149
304	2150
304	2151
304	2152
304	2153
304	2154
304	2155
304	2156
304	2157
304	2158
304	2159
304	2160
304	2161
304	2162
304	2163
304	2164
303	2165
303	2166
303	2167
303	2168
303	2169
303	2170
303	2171
303	2172
303	2173
303	2174
303	2175
303	2176
303	2177
303	2178
303	2179
303	2180
303	2181
303	2182
303	2183
303	2184
303	2185
303	2186
303	2187
303	2188
303	2189
302	2190
302	2191
302	2192
302	2193
302	2194
302	2195
302	2196
302	2197
302	2198
302	2199
302	2200
302	2201
302	2202
302	2203
302	2204
302	2205
302	2206
302	2207
302	2208
302	2209
302	2210
302	2211
302	2212
302	2213
302	2214
301	2215
301	2216
301	2217
301	2218
301	2219
301	2220
301	2221
301	2222
301	2223
301	2224
301	2225
301	2226
301	2227
301	2228
301	2229
301	2230
301	2231
301	2232
301	2233
301	2234
301	2235
301	2236
301	2237
301	2238
300	2239
300	2240
300	2241
300	2242
300	2243
300	2244
300	2245
300	2246
300	2247
300	2248
300	2249
300	2250
300	2251
300	2252
300	2253
300	2254
300	2255
300	2256
300	2257
300	2258
300	2259
300	2260
300	2261
299	2262
299	2263
299	2264
299	2265
299	2266
299	2267
299	2268
299	2269
299	2270
299	2271
299	2272
299	2273
299	2274
299	2275
299	2276
299	2277
299	2278
299	2279
299	2280
299	2281
299	2282
299	2283
299	2284
299	2285
298	2286
298	2287
298	2288
298	2289
298	2290
298	2291
298	2292
298	2293
298	2294
298	2295
298	2296
298	2297
298	2298
298	2299
298	2300
298	2301
298	2302
298	2303
298	2304
298	2305
298	2306
298	2307
298	2308
298	2309
298	2310
297	2311
297	2312
297	2313
297	2314
297	2315
297	2316
297	2317
297	2318
297	2319
297	2320
297	2321
297	2322
297	2323
297	2324
297	2325
297	2326
297	2327
297	2328
297	2329
297	2330
297	2331
297	2332
297	2333
297	2334
297	2335
296	2336
296	2337
296	2338
296	2339
296	2340
296	2341
296	2342
296	2343
296	2344
296	2345
296	2346
296	2347
296	2348
296	2349
296	2350
296	2351
296	2352
296	2353
296	2354
296	2355
296	2356
296	2357
296	2358
296	2359
296	2360
296	2361
295	2362
295	2363
295	2364
295	2365
295	2366
295	2367
295	2368
295	2369
295	2370
295	2371
295	2372
295	2373
295	2374
295	2375
295	2376
295	2377
295	2378
295	2379
295	2380
295	2381
295	2382
295	2383
295	2384
295	2385
295	2386
295	2387
295	2388
295	2389
294	2390
294	2391
294	2392
294	2393
294	2394
294	2395
294	2396
294	2397
294	2398
294	2399
294	2400
294	2401
294	2402
294	2403
294	2404
294	2405
294	2406
294	2407
294	2408
294	2409
294	2410
294	2411
294	2412
294	2413
294	2414
294	2415
294	2416
294	2417
294	2418
293	2419
293	2420
293	2421
293	2422
293	2423
293	2424
293	2425
293	2426
293	2427
293	2428
293	2429
293	2430
293	2431
293	2432
293	2433
293	2434
293	2435
293	2436
293	2437
293	2438
293	2439
293	2440
293	2441
293	2442
293	2443
293	2444
293	2445
293	2446
293	2447
293	2448
293	2449
293	2450
293	2451
293	2452
292	2453
292	2454
292	2455
292	2456
292	2457
292	2458
292	2459
292	2460
292	2461
292	2462
292	2463
292	2464
292	2465
292	2466
292	2467
292	2468
292	2469
292	2470
292	2471
292	2472
292	2473
292	2474
292	2475
292	2476
292	2477
292	2478
292	2479
292	2480
292	2481
292	2482
292	2483
292	2484
292	2485
292	2486
292	2487
292	2488
292	2489
292	2490
292	2491
292	2492
291	2493
291	2494
291	2495
291	2496
291	2497
315	2498
291	2499
371	2500
291	2501
323	2502
291	2503
291	2504
291	2505
291	2506
291	2507
291	2508
291	2509
291	2510
291	2511
291	2512
291	2513
291	2514
291	2515
291	2516
291	2517
291	2518
291	2519
291	2520
291	2521
291	2522
291	2523
291	2524
291	2525
291	2526
291	2527
291	2528
291	2529
291	2530
291	2531
291	2532
291	2533
291	2534
291	2535
291	2536
291	2537
291	2538
291	2539
291	2540
291	2541
291	2542
291	2543
291	2544
291	2545
291	2546
291	2547
291	2548
291	2549
290	2550
290	2551
290	2552
290	2553
290	2554
290	2555
290	2556
290	2557
290	2558
290	2559
290	2560
290	2561
290	2562
290	2563
290	2564
290	2565
290	2566
290	2567
290	2568
290	2569
290	2570
290	2571
290	2572
290	2573
290	2574
290	2575
290	2576
290	2577
290	2578
290	2579
290	2580
290	2581
290	2582
290	2583
290	2584
290	2585
290	2586
290	2587
290	2588
290	2589
290	2590
290	2591
290	2592
290	2593
290	2594
290	2595
290	2596
290	2597
290	2598
290	2599
290	2600
290	2601
290	2602
290	2603
290	2604
290	2605
290	2606
290	2607
290	2608
290	2609
290	2610
290	2611
290	2612
290	2613
290	2614
290	2615
290	2616
290	2617
290	2618
290	2619
290	2620
290	2621
290	2622
290	2623
290	2624
290	2625
290	2626
290	2627
290	2628
290	2629
290	2630
290	2631
290	2632
290	2633
290	2634
290	2635
290	2636
290	2637
290	2638
290	2639
290	2640
290	2641
290	2642
290	2643
290	2644
290	2645
290	2646
290	2647
290	2648
290	2649
290	2650
290	2651
290	2652
290	2653
290	2654
290	2655
290	2656
290	2657
290	2658
290	2659
290	2660
290	2661
290	2662
290	2663
290	2664
290	2665
290	2666
290	2667
290	2668
290	2669
290	2670
290	2671
290	2672
290	2673
290	2674
290	2675
290	2676
290	2677
290	2678
290	2679
290	2680
290	2681
290	2682
290	2683
290	2684
290	2685
290	2686
290	2687
290	2688
290	2689
290	2690
290	2691
290	2692
290	2693
290	2694
290	2695
290	2696
290	2697
290	2698
290	2699
290	2700
291	2701
291	2702
291	2703
291	2704
291	2705
291	2706
291	2707
291	2708
291	2709
291	2710
291	2711
291	2712
291	2713
291	2714
291	2715
291	2716
291	2717
291	2718
291	2719
291	2720
291	2721
291	2722
291	2723
291	2724
291	2725
291	2726
291	2727
291	2728
291	2729
291	2730
291	2731
291	2732
291	2733
291	2734
291	2735
291	2736
291	2737
291	2738
291	2739
291	2740
291	2741
291	2742
291	2743
291	2744
291	2745
291	2746
291	2747
291	2748
291	2749
291	2750
291	2751
291	2752
291	2753
291	2754
291	2755
291	2756
291	2757
292	2758
292	2759
292	2760
292	2761
292	2762
292	2763
292	2764
292	2765
292	2766
292	2767
292	2768
292	2769
292	2770
292	2771
292	2772
292	2773
292	2774
292	2775
292	2776
292	2777
292	2778
292	2779
292	2780
292	2781
292	2782
292	2783
292	2784
292	2785
292	2786
292	2787
292	2788
292	2789
292	2790
292	2791
292	2792
292	2793
292	2794
292	2795
292	2796
292	2797
293	2798
293	2799
293	2800
293	2801
293	2802
293	2803
293	2804
293	2805
293	2806
293	2807
293	2808
293	2809
293	2810
293	2811
293	2812
293	2813
293	2814
293	2815
293	2816
293	2817
293	2818
293	2819
293	2820
293	2821
293	2822
293	2823
293	2824
293	2825
293	2826
293	2827
293	2828
293	2829
293	2830
293	2831
294	2832
294	2833
294	2834
294	2835
294	2836
294	2837
294	2838
294	2839
294	2840
294	2841
294	2842
294	2843
294	2844
294	2845
294	2846
294	2847
294	2848
294	2849
294	2850
294	2851
294	2852
294	2853
294	2854
294	2855
294	2856
294	2857
294	2858
294	2859
294	2860
295	2861
295	2862
295	2863
295	2864
295	2865
295	2866
295	2867
295	2868
295	2869
295	2870
295	2871
295	2872
295	2873
295	2874
295	2875
295	2876
295	2877
295	2878
295	2879
295	2880
295	2881
295	2882
295	2883
295	2884
295	2885
295	2886
295	2887
295	2888
296	2889
296	2890
296	2891
296	2892
296	2893
296	2894
296	2895
296	2896
296	2897
296	2898
296	2899
296	2900
296	2901
296	2902
296	2903
296	2904
296	2905
296	2906
296	2907
296	2908
296	2909
296	2910
296	2911
296	2912
296	2913
296	2914
297	2915
297	2916
297	2917
297	2918
297	2919
297	2920
297	2921
297	2922
297	2923
297	2924
297	2925
297	2926
297	2927
297	2928
297	2929
297	2930
297	2931
297	2932
297	2933
297	2934
297	2935
297	2936
297	2937
297	2938
297	2939
298	2940
298	2941
298	2942
298	2943
298	2944
298	2945
298	2946
298	2947
298	2948
298	2949
298	2950
298	2951
298	2952
298	2953
298	2954
298	2955
298	2956
298	2957
298	2958
298	2959
298	2960
298	2961
298	2962
298	2963
298	2964
299	2965
299	2966
299	2967
299	2968
299	2969
299	2970
299	2971
299	2972
299	2973
299	2974
299	2975
299	2976
299	2977
299	2978
299	2979
299	2980
299	2981
299	2982
299	2983
299	2984
299	2985
299	2986
299	2987
299	2988
300	2989
300	2990
300	2991
300	2992
300	2993
300	2994
300	2995
300	2996
300	2997
324	2998
300	2999
380	3000
300	3001
332	3002
300	3003
300	3004
300	3005
300	3006
300	3007
300	3008
300	3009
300	3010
300	3011
301	3012
301	3013
301	3014
301	3015
301	3016
301	3017
301	3018
301	3019
301	3020
301	3021
301	3022
301	3023
301	3024
301	3025
301	3026
301	3027
301	3028
301	3029
301	3030
301	3031
301	3032
301	3033
301	3034
301	3035
302	3036
302	3037
302	3038
302	3039
302	3040
302	3041
302	3042
302	3043
302	3044
302	3045
302	3046
302	3047
302	3048
302	3049
302	3050
302	3051
302	3052
302	3053
302	3054
302	3055
302	3056
302	3057
302	3058
302	3059
302	3060
303	3061
303	3062
303	3063
303	3064
303	3065
303	3066
303	3067
303	3068
303	3069
303	3070
303	3071
303	3072
303	3073
303	3074
303	3075
303	3076
303	3077
303	3078
303	3079
303	3080
303	3081
303	3082
303	3083
303	3084
303	3085
304	3086
304	3087
304	3088
304	3089
304	3090
304	3091
304	3092
304	3093
304	3094
304	3095
304	3096
304	3097
304	3098
304	3099
304	3100
304	3101
304	3102
304	3103
304	3104
304	3105
304	3106
304	3107
304	3108
304	3109
304	3110
304	3111
305	3112
305	3113
305	3114
305	3115
305	3116
305	3117
305	3118
305	3119
305	3120
305	3121
305	3122
305	3123
305	3124
305	3125
305	3126
305	3127
305	3128
305	3129
305	3130
305	3131
305	3132
305	3133
305	3134
305	3135
305	3136
305	3137
305	3138
305	3139
306	3140
306	3141
306	3142
306	3143
306	3144
306	3145
306	3146
306	3147
306	3148
306	3149
306	3150
306	3151
306	3152
306	3153
306	3154
306	3155
306	3156
306	3157
306	3158
306	3159
306	3160
306	3161
306	3162
306	3163
306	3164
306	3165
306	3166
306	3167
306	3168
307	3169
307	3170
307	3171
307	3172
307	3173
307	3174
307	3175
307	3176
307	3177
307	3178
307	3179
307	3180
307	3181
307	3182
307	3183
307	3184
307	3185
307	3186
307	3187
307	3188
307	3189
307	3190
307	3191
307	3192
307	3193
307	3194
307	3195
307	3196
307	3197
307	3198
307	3199
307	3200
307	3201
307	3202
308	3203
308	3204
308	3205
308	3206
308	3207
308	3208
308	3209
308	3210
308	3211
308	3212
308	3213
308	3214
308	3215
308	3216
308	3217
308	3218
308	3219
308	3220
308	3221
308	3222
308	3223
308	3224
308	3225
308	3226
308	3227
308	3228
308	3229
308	3230
308	3231
308	3232
308	3233
308	3234
308	3235
308	3236
308	3237
308	3238
308	3239
308	3240
308	3241
308	3242
309	3243
309	3244
309	3245
309	3246
309	3247
309	3248
309	3249
309	3250
309	3251
309	3252
309	3253
309	3254
309	3255
309	3256
309	3257
309	3258
309	3259
309	3260
309	3261
309	3262
309	3263
309	3264
309	3265
309	3266
309	3267
309	3268
309	3269
309	3270
309	3271
309	3272
309	3273
309	3274
309	3275
309	3276
309	3277
309	3278
309	3279
309	3280
309	3281
309	3282
309	3283
309	3284
309	3285
309	3286
309	3287
309	3288
309	3289
309	3290
309	3291
309	3292
309	3293
309	3294
309	3295
309	3296
309	3297
309	3298
309	3299
310	3300
310	3301
310	3302
310	3303
310	3304
310	3305
310	3306
310	3307
310	3308
310	3309
310	3310
310	3311
310	3312
310	3313
310	3314
310	3315
310	3316
310	3317
310	3318
310	3319
310	3320
310	3321
310	3322
310	3323
310	3324
310	3325
310	3326
310	3327
310	3328
310	3329
310	3330
310	3331
310	3332
310	3333
310	3334
310	3335
310	3336
310	3337
310	3338
310	3339
310	3340
310	3341
310	3342
310	3343
310	3344
310	3345
310	3346
310	3347
310	3348
310	3349
310	3350
310	3351
310	3352
310	3353
310	3354
310	3355
310	3356
310	3357
310	3358
310	3359
310	3360
310	3361
310	3362
310	3363
310	3364
310	3365
310	3366
310	3367
310	3368
310	3369
310	3370
310	3371
310	3372
310	3373
310	3374
310	3375
310	3376
310	3377
310	3378
310	3379
310	3380
310	3381
310	3382
310	3383
310	3384
310	3385
310	3386
310	3387
310	3388
310	3389
310	3390
310	3391
310	3392
310	3393
310	3394
310	3395
310	3396
310	3397
310	3398
310	3399
310	3400
310	3401
310	3402
310	3403
310	3404
310	3405
310	3406
310	3407
310	3408
310	3409
310	3410
310	3411
310	3412
310	3413
310	3414
310	3415
310	3416
310	3417
310	3418
310	3419
310	3420
310	3421
310	3422
310	3423
310	3424
310	3425
310	3426
310	3427
310	3428
310	3429
310	3430
310	3431
310	3432
310	3433
310	3434
310	3435
310	3436
310	3437
310	3438
310	3439
310	3440
310	3441
310	3442
310	3443
310	3444
310	3445
310	3446
310	3447
310	3448
310	3449
310	3450
309	3451
309	3452
309	3453
309	3454
309	3455
309	3456
309	3457
309	3458
309	3459
309	3460
309	3461
309	3462
309	3463
309	3464
309	3465
309	3466
309	3467
309	3468
309	3469
309	3470
309	3471
309	3472
309	3473
309	3474
309	3475
309	3476
309	3477
309	3478
309	3479
309	3480
309	3481
309	3482
309	3483
309	3484
309	3485
309	3486
309	3487
309	3488
309	3489
309	3490
309	3491
309	3492
309	3493
309	3494
309	3495
309	3496
309	3497
333	3498
309	3499
389	3500
309	3501
341	3502
309	3503
309	3504
309	3505
309	3506
309	3507
308	3508
308	3509
308	3510
308	3511
308	3512
308	3513
308	3514
308	3515
308	3516
308	3517
308	3518
308	3519
308	3520
308	3521
308	3522
308	3523
308	3524
308	3525
308	3526
308	3527
308	3528
308	3529
308	3530
308	3531
308	3532
308	3533
308	3534
308	3535
308	3536
308	3537
308	3538
308	3539
308	3540
308	3541
308	3542
308	3543
308	3544
308	3545
308	3546
308	3547
307	3548
307	3549
307	3550
307	3551
307	3552
307	3553
307	3554
307	3555
307	3556
307	3557
307	3558
307	3559
307	3560
307	3561
307	3562
307	3563
307	3564
307	3565
307	3566
307	3567
307	3568
307	3569
307	3570
307	3571
307	3572
307	3573
307	3574
307	3575
307	3576
307	3577
307	3578
307	3579
307	3580
307	3581
306	3582
306	3583
306	3584
306	3585
306	3586
306	3587
306	3588
306	3589
306	3590
306	3591
306	3592
306	3593
306	3594
306	3595
306	3596
306	3597
306	3598
306	3599
306	3600
306	3601
306	3602
306	3603
306	3604
306	3605
306	3606
306	3607
306	3608
306	3609
306	3610
305	3611
305	3612
305	3613
305	3614
305	3615
305	3616
305	3617
305	3618
305	3619
305	3620
305	3621
305	3622
305	3623
305	3624
305	3625
305	3626
305	3627
305	3628
305	3629
305	3630
305	3631
305	3632
305	3633
305	3634
305	3635
305	3636
305	3637
305	3638
304	3639
304	3640
304	3641
304	3642
304	3643
304	3644
304	3645
304	3646
304	3647
304	3648
304	3649
304	3650
304	3651
304	3652
304	3653
304	3654
304	3655
304	3656
304	3657
304	3658
304	3659
304	3660
304	3661
304	3662
304	3663
304	3664
303	3665
303	3666
303	3667
303	3668
303	3669
303	3670
303	3671
303	3672
303	3673
303	3674
303	3675
303	3676
303	3677
303	3678
303	3679
303	3680
303	3681
303	3682
303	3683
303	3684
303	3685
303	3686
303	3687
303	3688
303	3689
302	3690
302	3691
302	3692
302	3693
302	3694
302	3695
302	3696
302	3697
302	3698
302	3699
302	3700
302	3701
302	3702
302	3703
302	3704
302	3705
302	3706
302	3707
302	3708
302	3709
302	3710
302	3711
302	3712
302	3713
302	3714
301	3715
301	3716
301	3717
301	3718
301	3719
301	3720
301	3721
301	3722
301	3723
301	3724
301	3725
301	3726
301	3727
301	3728
301	3729
301	3730
301	3731
301	3732
301	3733
301	3734
301	3735
301	3736
301	3737
301	3738
300	3739
300	3740
300	3741
300	3742
300	3743
300	3744
300	3745
300	3746
300	3747
300	3748
300	3749
300	3750
300	3751
300	3752
300	3753
300	3754
300	3755
300	3756
300	3757
300	3758
300	3759
300	3760
300	3761
299	3762
299	3763
299	3764
299	3765
299	3766
299	3767
299	3768
299	3769
299	3770
299	3771
299	3772
299	3773
299	3774
299	3775
299	3776
299	3777
299	3778
299	3779
299	3780
299	3781
299	3782
299	3783
299	3784
299	3785
298	3786
298	3787
298	3788
298	3789
298	3790
298	3791
298	3792
298	3793
298	3794
298	3795
298	3796
298	3797
298	3798
298	3799
298	3800
298	3801
298	3802
298	3803
298	3804
298	3805
298	3806
298	3807
298	3808
298	3809
298	3810
297	3811
297	3812
297	3813
297	3814
297	3815
297	3816
297	3817
297	3818
297	3819
297	3820
297	3821
297	3822
297	3823
297	3824
297	3825
297	3826
297	3827
297	3828
297	3829
297	3830
297	3831
297	3832
297	3833
297	3834
297	3835
296	3836
296	3837
296	3838
296	3839
296	3840
296	3841
296	3842
296	3843
296	3844
296	3845
296	3846
296	3847
296	3848
296	3849
296	3850
296	3851
296	3852
296	3853
296	3854
296	3855
296	3856
296	3857
296	3858
296	3859
296	3860
296	3861
295	3862
295	3863
295	3864
295	3865
295	3866
295	3867
295	3868
295	3869
295	3870
295	3871
295	3872
295	3873
295	3874
295	3875
295	3876
295	3877
295	3878
295	3879
295	3880
295	3881
295	3882
295	3883
295	3884
295	3885
295	3886
295	3887
295	3888
295	3889
294	3890
294	3891
294	3892
294	3893
294	3894
294	3895
294	3896
294	3897
294	3898
294	3899
294	3900
294	3901
294	3902
294	3903
294	3904
294	3905
294	3906
294	3907
294	3908
294	3909
294	3910
294	3911
294	3912
294	3913
294	3914
294	3915
294	3916
294	3917
294	3918
293	3919
293	3920
293	3921
293	3922
293	3923
293	3924
293	3925
293	3926
293	3927
293	3928
293	3929
293	3930
293	3931
293	3932
293	3933
293	3934
293	3935
293	3936
293	3937
293	3938
293	3939
293	3940
293	3941
293	3942
293	3943
293	3944
293	3945
293	3946
293	3947
293	3948
293	3949
293	3950
293	3951
293	3952
292	3953
292	3954
292	3955
292	3956
292	3957
292	3958
292	3959
292	3960
292	3961
292	3962
292	3963
292	3964
292	3965
292	3966
292	3967
292	3968
292	3969
292	3970
292	3971
292	3972
292	3973
292	3974
292	3975
292	3976
292	3977
292	3978
292	3979
292	3980
292	3981
292	3982
292	3983
292	3984
292	3985
292	3986
292	3987
292	3988
292	3989
292	3990
292	3991
292	3992
291	3993
291	3994
291	3995
291	3996
291	3997
315	3998
291	3999
371	4000
291	4001
323	4002
291	4003
291	4004
291	4005
291	4006
291	4007
291	4008
291	4009
291	4010
291	4011
291	4012
291	4013
291	4014
291	4015
291	4016
291	4017
291	4018
291	4019
291	4020
291	4021
291	4022
291	4023
291	4024
291	4025
291	4026
291	4027
291	4028
291	4029
291	4030
291	4031
291	4032
291	4033
291	4034
291	4035
291	4036
291	4037
291	4038
291	4039
291	4040
291	4041
291	4042
291	4043
291	4044
291	4045
291	4046
291	4047
291	4048
291	4049
290	4050
290	4051
290	4052
290	4053
290	4054
290	4055
290	4056
290	4057
290	4058
290	4059
290	4060
290	4061
290	4062
290	4063
290	4064
290	4065
290	4066
290	4067
290	4068
290	4069
290	4070
290	4071
290	4072
290	4073
290	4074
290	4075
290	4076
290	4077
290	4078
290	4079
290	4080
290	4081
290	4082
290	4083
290	4084
290	4085
290	4086
290	4087
290	4088
290	4089
290	4090
290	4091
290	4092
290	4093
290	4094
290	4095
290	4096
290	4097
290	4098
290	4099
290	4100
290	4101
290	4102
290	4103
290	4104
290	4105
290	4106
290	4107
290	4108
290	4109
290	4110
290	4111
290	4112
290	4113
290	4114
290	4115
290	4116
290	4117
290	4118
290	4119
290	4120
290	4121
290	4122
290	4123
290	4124
290	4125
290	4126
290	4127
290	4128
290	4129
290	4130
290	4131
290	4132
290	4133
290	4134
290	4135
290	4136
290	4137
290	4138
290	4139
290	4140
290	4141
290	4142
290	4143
290	4144
290	4145
290	4146
290	4147
290	4148
290	4149
290	4150
290	4151
290	4152
290	4153
290	4154
290	4155
290	4156
290	4157
290	4158
290	4159
290	4160
290	4161
290	4162
290	4163
290	4164
290	4165
290	4166
290	4167
290	4168
290	4169
290	4170
290	4171
290	4172
290	4173
290	4174
290	4175
290	4176
290	4177
290	4178
290	4179
290	4180
290	4181
290	4182
290	4183
290	4184
290	4185
290	4186
290	4187
290	4188
290	4189
290	4190
290	4191
290	4192
290	4193
290	4194
290	4195
290	4196
290	4197
290	4198
290	4199
290	4200
291	4201
291	4202
291	4203
291	4204
291	4205
291	4206
291	4207
291	4208
291	4209
291	4210
291	4211
291	4212
291	4213
291	4214
291	4215
291	4216
291	4217
291	4218
291	4219
291	4220
291	4221
291	4222
291	4223
291	4224
291	4225
291	4226
291	4227
291	4228
291	4229
291	4230
291	4231
291	4232
291	4233
291	4234
291	4235
291	4236
291	4237
291	4238
291	4239
291	4240
291	4241
291	4242
291	4243
291	4244
291	4245
291	4246
291	4247
291	4248
291	4249
291	4250
291	4251
291	4252
291	4253
291	4254
291	4255
291	4256
291	4257
292	4258
292	4259
292	4260
292	4261
292	4262
292	4263
292	4264
292	4265
292	4266
292	4267
292	4268
292	4269
292	4270
292	4271
292	4272
292	4273
292	4274
292	4275
292	4276
292	4277
292	4278
292	4279
292	4280
292	4281
292	4282
292	4283
292	4284
292	4285
292	4286
292	4287
292	4288
292	4289
292	4290
292	4291
292	4292
292	4293
292	4294
292	4295
292	4296
292	4297
293	4298
293	4299
293	4300
293	4301
293	4302
293	4303
293	4304
293	4305
293	4306
293	4307
293	4308
293	4309
293	4310
293	4311
293	4312
293	4313
293	4314
293	4315
293	4316
293	4317
293	4318
293	4319
293	4320
293	4321
293	4322
293	4323
293	4324
293	4325
293	4326
293	4327
293	4328
293	4329
293	4330
293	4331
294	4332
294	4333
294	4334
294	4335
294	4336
294	4337
294	4338
294	4339
294	4340
294	4341
294	4342
294	4343
294	4344
294	4345
294	4346
294	4347
294	4348
294	4349
294	4350
294	4351
294	4352
294	4353
294	4354
294	4355
294	4356
294	4357
294	4358
294	4359
294	4360
295	4361
295	4362
295	4363
295	4364
295	4365
295	4366
295	4367
295	4368
295	4369
295	4370
295	4371
295	4372
295	4373
295	4374
295	4375
295	4376
295	4377
295	4378
295	4379
295	4380
295	4381
295	4382
295	4383
295	4384
295	4385
295	4386
295	4387
295	4388
296	4389
296	4390
296	4391
296	4392
296	4393
296	4394
296	4395
296	4396
296	4397
296	4398
296	4399
296	4400
296	4401
296	4402
296	4403
296	4404
296	4405
296	4406
296	4407
296	4408
296	4409
296	4410
296	4411
296	4412
296	4413
296	4414
297	4415
297	4416
297	4417
297	4418
297	4419
297	4420
297	4421
297	4422
297	4423
297	4424
297	4425
297	4426
297	4427
297	4428
297	4429
297	4430
297	4431
297	4432
297	4433
297	4434
297	4435
297	4436
297	4437
297	4438
297	4439
298	4440
298	4441
298	4442
298	4443
298	4444
298	4445
298	4446
298	4447
298	4448
298	4449
298	4450
298	4451
298	4452
298	4453
298	4454
298	4455
298	4456
298	4457
298	4458
298	4459
298	4460
298	4461
298	4462
298	4463
298	4464
299	4465
299	4466
299	4467
299	4468
299	4469
299	4470
299	4471
299	4472
299	4473
299	4474
299	4475
299	4476
299	4477
299	4478
299	4479
299	4480
299	4481
299	4482
299	4483
299	4484
299	4485
299	4486
299	4487
299	4488
300	4489
300	4490
300	4491
300	4492
300	4493
300	4494
300	4495
300	4496
300	4497
324	4498
300	4499
380	4500
300	4501
332	4502
300	4503
300	4504
300	4505
300	4506
300	4507
300	4508
300	4509
300	4510
300	4511
301	4512
301	4513
301	4514
301	4515
301	4516
301	4517
301	4518
301	4519
301	4520
301	4521
301	4522
301	4523
301	4524
301	4525
301	4526
301	4527
301	4528
301	4529
301	4530
301	4531
301	4532
301	4533
301	4534
301	4535
302	4536
302	4537
302	4538
302	4539
302	4540
302	4541
302	4542
302	4543
302	4544
302	4545
302	4546
302	4547
302	4548
302	4549
302	4550
302	4551
302	4552
302	4553
302	4554
302	4555
302	4556
302	4557
302	4558
302	4559
302	4560
303	4561
303	4562
303	4563
303	4564
303	4565
303	4566
303	4567
303	4568
303	4569
303	4570
303	4571
303	4572
303	4573
303	4574
303	4575
303	4576
303	4577
303	4578
303	4579
303	4580
303	4581
303	4582
303	4583
303	4584
303	4585
304	4586
304	4587
304	4588
304	4589
304	4590
304	4591
304	4592
304	4593
304	4594
304	4595
304	4596
304	4597
304	4598
304	4599
304	4600
304	4601
304	4602
304	4603
304	4604
304	4605
304	4606
304	4607
304	4608
304	4609
304	4610
304	4611
305	4612
305	4613
305	4614
305	4615
305	4616
305	4617
305	4618
305	4619
305	4620
305	4621
305	4622
305	4623
305	4624
305	4625
305	4626
305	4627
305	4628
305	4629
305	4630
305	4631
305	4632
305	4633
305	4634
305	4635
305	4636
305	4637
305	4638
305	4639
306	4640
306	4641
306	4642
306	4643
306	4644
306	4645
306	4646
306	4647
306	4648
306	4649
306	4650
306	4651
306	4652
306	4653
306	4654
306	4655
306	4656
306	4657
306	4658
306	4659
306	4660
306	4661
306	4662
306	4663
306	4664
306	4665
306	4666
306	4667
306	4668
307	4669
307	4670
307	4671
307	4672
307	4673
307	4674
307	4675
307	4676
307	4677
307	4678
307	4679
307	4680
307	4681
307	4682
307	4683
307	4684
307	4685
307	4686
307	4687
307	4688
307	4689
307	4690
307	4691
307	4692
307	4693
307	4694
307	4695
307	4696
307	4697
307	4698
307	4699
307	4700
307	4701
307	4702
308	4703
308	4704
308	4705
308	4706
308	4707
308	4708
308	4709
308	4710
308	4711
308	4712
308	4713
308	4714
308	4715
308	4716
308	4717
308	4718
308	4719
308	4720
308	4721
308	4722
308	4723
308	4724
308	4725
308	4726
308	4727
308	4728
308	4729
308	4730
308	4731
308	4732
308	4733
308	4734
308	4735
308	4736
308	4737
308	4738
308	4739
308	4740
308	4741
308	4742
309	4743
309	4744
309	4745
309	4746
309	4747
309	4748
309	4749
309	4750
309	4751
309	4752
309	4753
309	4754
309	4755
309	4756
309	4757
309	4758
309	4759
309	4760
309	4761
309	4762
309	4763
309	4764
309	4765
309	4766
309	4767
309	4768
309	4769
309	4770
309	4771
309	4772
309	4773
309	4774
309	4775
309	4776
309	4777
309	4778
309	4779
309	4780
309	4781
309	4782
309	4783
309	4784
309	4785
309	4786
309	4787
309	4788
309	4789
309	4790
309	4791
309	4792
309	4793
309	4794
309	4795
309	4796
309	4797
309	4798
309	4799
310	4800
310	4801
310	4802
310	4803
310	4804
310	4805
310	4806
310	4807
310	4808
310	4809
310	4810
310	4811
310	4812
310	4813
310	4814
310	4815
310	4816
310	4817
310	4818
310	4819
310	4820
310	4821
310	4822
310	4823
310	4824
310	4825
310	4826
310	4827
310	4828
310	4829
310	4830
310	4831
310	4832
310	4833
310	4834
310	4835
310	4836
310	4837
310	4838
310	4839
310	4840
310	4841
310	4842
310	4843
310	4844
310	4845
310	4846
310	4847
310	4848
310	4849
310	4850
310	4851
310	4852
310	4853
310	4854
310	4855
310	4856
310	4857
310	4858
310	4859
310	4860
310	4861
310	4862
310	4863
310	4864
310	4865
310	4866
310	4867
310	4868
310	4869
310	4870
310	4871
310	4872
310	4873
310	4874
310	4875
310	4876
310	4877
310	4878
310	4879
310	4880
310	4881
310	4882
310	4883
310	4884
310	4885
310	4886
310	4887
310	4888
310	4889
310	4890
310	4891
310	4892
310	4893
310	4894
310	4895
310	4896
310	4897
310	4898
310	4899
310	4900
310	4901
310	4902
310	4903
310	4904
310	4905
310	4906
310	4907
310	4908
310	4909
310	4910
310	4911
310	4912
310	4913
310	4914
310	4915
310	4916
310	4917
310	4918
310	4919
310	4920
310	4921
310	4922
310	4923
310	4924
310	4925
310	4926
310	4927
310	4928
310	4929
310	4930
310	4931
310	4932
310	4933
310	4934
310	4935
310	4936
310	4937
310	4938
310	4939
310	4940
310	4941
310	4942
310	4943
310	4944
310	4945
310	4946
310	4947
310	4948
310	4949
310	4950
309	4951
309	4952
309	4953
309	4954
309	4955
309	4956
309	4957
309	4958
309	4959
309	4960
309	4961
309	4962
309	4963
309	4964
309	4965
309	4966
309	4967
309	4968
309	4969
309	4970
309	4971
309	4972
309	4973
309	4974
309	4975
309	4976
309	4977
309	4978
309	4979
309	4980
309	4981
309	4982
309	4983
309	4984
309	4985
309	4986
309	4987
309	4988
309	4989
309	4990
309	4991
309	4992
309	4993
309	4994
309	4995
309	4996
309	4997
333	4998
309	4999
389	5000
309	5001
341	5002
309	5003
309	5004
309	5005
309	5006
309	5007
308	5008
308	5009
308	5010
308	5011
308	5012
308	5013
308	5014
308	5015
308	5016
308	5017
308	5018
308	5019
308	5020
308	5021
308	5022
308	5023
308	5024
308	5025
308	5026
308	5027
308	5028
308	5029
308	5030
308	5031
308	5032
308	5033
308	5034
308	5035
308	5036
308	5037
308	5038
308	5039
308	5040
308	5041
308	5042
308	5043
308	5044
308	5045
308	5046
308	5047
307	5048
307	5049
307	5050
307	5051
307	5052
307	5053
307	5054
307	5055
307	5056
307	5057
307	5058
307	5059
307	5060
307	5061
307	5062
307	5063
307	5064
307	5065
307	5066
307	5067
307	5068
307	5069
307	5070
307	5071
307	5072
307	5073
307	5074
307	5075
307	5076
307	5077
307	5078
307	5079
307	5080
307	5081
306	5082
306	5083
306	5084
306	5085
306	5086
306	5087
306	5088
306	5089
306	5090
306	5091
306	5092
306	5093
306	5094
306	5095
306	5096
306	5097
306	5098
306	5099
306	5100
306	5101
306	5102
306	5103
306	5104
306	5105
306	5106
306	5107
306	5108
306	5109
306	5110
305	5111
305	5112
305	5113
305	5114
305	5115
305	5116
305	5117
305	5118
305	5119
305	5120
305	5121
305	5122
305	5123
305	5124
305	5125
305	5126
305	5127
305	5128
305	5129
305	5130
305	5131
305	5132
305	5133
305	5134
305	5135
305	5136
305	5137
305	5138
304	5139
304	5140
304	5141
304	5142
304	5143
304	5144
304	5145
304	5146
304	5147
304	5148
304	5149
304	5150
304	5151
304	5152
304	5153
304	5154
304	5155
304	5156
304	5157
304	5158
304	5159
304	5160
304	5161
304	5162
304	5163
304	5164
303	5165
303	5166
303	5167
303	5168
303	5169
303	5170
303	5171
303	5172
303	5173
303	5174
303	5175
303	5176
303	5177
303	5178
303	5179
303	5180
303	5181
303	5182
303	5183
303	5184
303	5185
303	5186
303	5187
303	5188
303	5189
302	5190
302	5191
302	5192
302	5193
302	5194
302	5195
302	5196
302	5197
302	5198
302	5199
302	5200
302	5201
302	5202
302	5203
302	5204
302	5205
302	5206
302	5207
302	5208
302	5209
302	5210
302	5211
302	5212
302	5213
302	5214
301	5215
301	5216
301	5217
301	5218
301	5219
301	5220
301	5221
301	5222
301	5223
301	5224
301	5225
301	5226
301	5227
301	5228
301	5229
301	5230
301	5231
301	5232
301	5233
301	5234
301	5235
301	5236
301	5237
301	5238
300	5239
300	5240
300	5241
300	5242
300	5243
300	5244
300	5245
300	5246
300	5247
300	5248
300	5249
300	5250
300	5251
300	5252
300	5253
300	5254
300	5255
300	5256
300	5257
300	5258
300	5259
300	5260
300	5261
299	5262
299	5263
299	5264
299	5265
299	5266
299	5267
299	5268
299	5269
299	5270
299	5271
299	5272
299	5273
299	5274
299	5275
299	5276
299	5277
299	5278
299	5279
299	5280
299	5281
299	5282
299	5283
299	5284
299	5285
298	5286
298	5287
298	5288
298	5289
298	5290
298	5291
298	5292
298	5293
298	5294
298	5295
298	5296
298	5297
298	5298
298	5299
298	5300
298	5301
298	5302
298	5303
298	5304
298	5305
298	5306
298	5307
298	5308
298	5309
298	5310
297	5311
297	5312
297	5313
297	5314
297	5315
297	5316
297	5317
297	5318
297	5319
297	5320
297	5321
297	5322
297	5323
297	5324
297	5325
297	5326
297	5327
297	5328
297	5329
297	5330
297	5331
297	5332
297	5333
297	5334
297	5335
296	5336
296	5337
296	5338
296	5339
296	5340
296	5341
296	5342
296	5343
296	5344
296	5345
296	5346
296	5347
296	5348
296	5349
296	5350
296	5351
296	5352
296	5353
296	5354
296	5355
296	5356
296	5357
296	5358
296	5359
296	5360
296	5361
295	5362
295	5363
295	5364
295	5365
295	5366
295	5367
295	5368
295	5369
295	5370
295	5371
295	5372
295	5373
295	5374
295	5375
295	5376
295	5377
295	5378
295	5379
295	5380
295	5381
295	5382
295	5383
295	5384
295	5385
295	5386
295	5387
295	5388
295	5389
294	5390
294	5391
294	5392
294	5393
294	5394
294	5395
294	5396
294	5397
294	5398
294	5399
294	5400
294	5401
294	5402
294	5403
294	5404
294	5405
294	5406
294	5407
294	5408
294	5409
294	5410
294	5411
294	5412
294	5413
294	5414
294	5415
294	5416
294	5417
294	5418
293	5419
293	5420
293	5421
293	5422
293	5423
293	5424
293	5425
293	5426
293	5427
293	5428
293	5429
293	5430
293	5431
293	5432
293	5433
293	5434
293	5435
293	5436
293	5437
293	5438
293	5439
293	5440
293	5441
293	5442
293	5443
293	5444
293	5445
293	5446
293	5447
293	5448
293	5449
293	5450
293	5451
293	5452
292	5453
292	5454
292	5455
292	5456
292	5457
292	5458
292	5459
292	5460
292	5461
292	5462
292	5463
292	5464
292	5465
292	5466
292	5467
292	5468
292	5469
292	5470
292	5471
292	5472
292	5473
292	5474
292	5475
292	5476
292	5477
292	5478
292	5479
292	5480
292	5481
292	5482
292	5483
292	5484
292	5485
292	5486
292	5487
292	5488
292	5489
292	5490
292	5491
292	5492
291	5493
291	5494
291	5495
291	5496
291	5497
315	5498
291	5499
371	5500
291	5501
323	5502
291	5503
291	5504
291	5505
291	5506
291	5507
291	5508
291	5509
291	5510
291	5511
291	5512
291	5513
291	5514
291	5515
291	5516
291	5517
291	5518
291	5519
291	5520
291	5521
291	5522
291	5523
291	5524
291	5525
291	5526
291	5527
291	5528
291	5529
291	5530
291	5531
291	5532
291	5533
291	5534
291	5535
291	5536
291	5537
291	5538
291	5539
291	5540
291	5541
291	5542
291	5543
291	5544
291	5545
291	5546
291	5547
291	5548
291	5549
290	5550
290	5551
290	5552
290	5553
290	5554
290	5555
290	5556
290	5557
290	5558
290	5559
290	5560
290	5561
290	5562
290	5563
290	5564
290	5565
290	5566
290	5567
290	5568
290	5569
290	5570
290	5571
290	5572
290	5573
290	5574
290	5575
290	5576
290	5577
290	5578
290	5579
290	5580
290	5581
290	5582
290	5583
290	5584
290	5585
290	5586
290	5587
290	5588
290	5589
290	5590
290	5591
290	5592
290	5593
290	5594
290	5595
290	5596
290	5597
290	5598
290	5599
290	5600
290	5601
290	5602
290	5603
290	5604
290	5605
290	5606
290	5607
290	5608
290	5609
290	5610
290	5611
290	5612
290	5613
290	5614
290	5615
290	5616
290	5617
290	5618
290	5619
290	5620
290	5621
290	5622
290	5623
290	5624
290	5625
290	5626
290	5627
290	5628
290	5629
290	5630
290	5631
290	5632
290	5633
290	5634
290	5635
290	5636
290	5637
290	5638
290	5639
290	5640
290	5641
290	5642
290	5643
290	5644
290	5645
290	5646
290	5647
290	5648
290	5649
290	5650
290	5651
290	5652
290	5653
290	5654
290	5655
290	5656
290	5657
290	5658
290	5659
290	5660
290	5661
290	5662
290	5663
290	5664
290	5665
290	5666
290	5667
290	5668
290	5669
290	5670
290	5671
290	5672
290	5673
290	5674
290	5675
290	5676
290	5677
290	5678
290	5679
290	5680
290	5681
290	5682
290	5683
290	5684
290	5685
290	5686
290	5687
290	5688
290	5689
290	5690
290	5691
290	5692
290	5693
290	5694
290	5695
290	5696
290	5697
290	5698
290	5699
290	5700
291	5701
291	5702
291	5703
291	5704
291	5705
291	5706
291	5707
291	5708
291	5709
291	5710
291	5711
291	5712
291	5713
291	5714
291	5715
291	5716
291	5717
291	5718
291	5719
291	5720
291	5721
291	5722
291	5723
291	5724
291	5725
291	5726
291	5727
291	5728
291	5729
291	5730
291	5731
291	5732
291	5733
291	5734
291	5735
291	5736
291	5737
291	5738
291	5739
291	5740
291	5741
291	5742
291	5743
291	5744
291	5745
291	5746
291	5747
291	5748
291	5749
291	5750
291	5751
291	5752
291	5753
291	5754
291	5755
291	5756
291	5757
292	5758
292	5759
292	5760
292	5761
292	5762
292	5763
292	5764
292	5765
292	5766
292	5767
292	5768
292	5769
292	5770
292	5771
292	5772
292	5773
292	5774
292	5775
292	5776
292	5777
292	5778
292	5779
292	5780
292	5781
292	5782
292	5783
292	5784
292	5785
292	5786
292	5787
292	5788
292	5789
292	5790
292	5791
292	5792
292	5793
292	5794
292	5795
292	5796
292	5797
293	5798
293	5799
293	5800
293	5801
293	5802
293	5803
293	5804
293	5805
293	5806
293	5807
293	5808
293	5809
293	5810
293	5811
293	5812
293	5813
293	5814
293	5815
293	5816
293	5817
293	5818
293	5819
293	5820
293	5821
293	5822
293	5823
293	5824
293	5825
293	5826
293	5827
293	5828
293	5829
293	5830
293	5831
294	5832
294	5833
294	5834
294	5835
294	5836
294	5837
294	5838
294	5839
294	5840
294	5841
294	5842
294	5843
294	5844
294	5845
294	5846
294	5847
294	5848
294	5849
294	5850
294	5851
294	5852
294	5853
294	5854
294	5855
294	5856
294	5857
294	5858
294	5859
294	5860
295	5861
295	5862
295	5863
295	5864
295	5865
295	5866
295	5867
295	5868
295	5869
295	5870
295	5871
295	5872
295	5873
295	5874
295	5875
295	5876
295	5877
295	5878
295	5879
295	5880
295	5881
295	5882
295	5883
295	5884
295	5885
295	5886
295	5887
295	5888
296	5889
296	5890
296	5891
296	5892
296	5893
296	5894
296	5895
296	5896
296	5897
296	5898
296	5899
296	5900
296	5901
296	5902
296	5903
296	5904
296	5905
296	5906
296	5907
296	5908
296	5909
296	5910
296	5911
296	5912
296	5913
296	5914
297	5915
297	5916
297	5917
297	5918
297	5919
297	5920
297	5921
297	5922
297	5923
297	5924
297	5925
297	5926
297	5927
297	5928
297	5929
297	5930
297	5931
297	5932
297	5933
297	5934
297	5935
297	5936
297	5937
297	5938
297	5939
298	5940
298	5941
298	5942
298	5943
298	5944
298	5945
298	5946
298	5947
298	5948
298	5949
298	5950
298	5951
298	5952
298	5953
298	5954
298	5955
298	5956
298	5957
298	5958
298	5959
298	5960
298	5961
298	5962
298	5963
298	5964
299	5965
299	5966
299	5967
299	5968
299	5969
299	5970
299	5971
299	5972
299	5973
299	5974
299	5975
299	5976
299	5977
299	5978
299	5979
299	5980
299	5981
299	5982
299	5983
299	5984
299	5985
299	5986
299	5987
299	5988
300	5989
300	5990
300	5991
300	5992
300	5993
300	5994
300	5995
300	5996
300	5997
324	5998
300	5999
380	6000
300	6001
332	6002
300	6003
300	6004
300	6005
300	6006
300	6007
300	6008
300	6009
300	6010
300	6011
301	6012
301	6013
301	6014
301	6015
301	6016
301	6017
301	6018
301	6019
301	6020
301	6021
301	6022
301	6023
301	6024
301	6025
301	6026
301	6027
301	6028
301	6029
301	6030
301	6031
301	6032
301	6033
301	6034
301	6035
302	6036
302	6037
302	6038
302	6039
302	6040
302	6041
302	6042
302	6043
302	6044
302	6045
302	6046
302	6047
302	6048
302	6049
302	6050
302	6051
302	6052
302	6053
302	6054
302	6055
302	6056
302	6057
302	6058
302	6059
302	6060
303	6061
303	6062
303	6063
303	6064
303	6065
303	6066
303	6067
303	6068
303	6069
303	6070
303	6071
303	6072
303	6073
303	6074
303	6075
303	6076
303	6077
303	6078
303	6079
303	6080
303	6081
303	6082
303	6083
303	6084
303	6085
304	6086
304	6087
304	6088
304	6089
304	6090
304	6091
304	6092
304	6093
304	6094
304	6095
304	6096
304	6097
304	6098
304	6099
304	6100
304	6101
304	6102
304	6103
304	6104
304	6105
304	6106
304	6107
304	6108
304	6109
304	6110
304	6111
305	6112
305	6113
305	6114
305	6115
305	6116
305	6117
305	6118
305	6119
305	6120
305	6121
305	6122
305	6123
305	6124
305	6125
305	6126
305	6127
305	6128
305	6129
305	6130
305	6131
305	6132
305	6133
305	6134
305	6135
305	6136
305	6137
305	6138
305	6139
306	6140
306	6141
306	6142
306	6143
306	6144
306	6145
306	6146
306	6147
306	6148
306	6149
306	6150
306	6151
306	6152
306	6153
306	6154
306	6155
306	6156
306	6157
306	6158
306	6159
306	6160
306	6161
306	6162
306	6163
306	6164
306	6165
306	6166
306	6167
306	6168
307	6169
307	6170
307	6171
307	6172
307	6173
307	6174
307	6175
307	6176
307	6177
307	6178
307	6179
307	6180
307	6181
307	6182
307	6183
307	6184
307	6185
307	6186
307	6187
307	6188
307	6189
307	6190
307	6191
307	6192
307	6193
307	6194
307	6195
307	6196
307	6197
307	6198
307	6199
307	6200
307	6201
307	6202
308	6203
308	6204
308	6205
308	6206
308	6207
308	6208
308	6209
308	6210
308	6211
308	6212
308	6213
308	6214
308	6215
308	6216
308	6217
308	6218
308	6219
308	6220
308	6221
308	6222
308	6223
308	6224
308	6225
308	6226
308	6227
308	6228
308	6229
308	6230
308	6231
308	6232
308	6233
308	6234
308	6235
308	6236
308	6237
308	6238
308	6239
308	6240
308	6241
308	6242
309	6243
309	6244
309	6245
309	6246
309	6247
309	6248
309	6249
309	6250
309	6251
309	6252
309	6253
309	6254
309	6255
309	6256
309	6257
309	6258
309	6259
309	6260
309	6261
309	6262
309	6263
309	6264
309	6265
309	6266
309	6267
309	6268
309	6269
309	6270
309	6271
309	6272
309	6273
309	6274
309	6275
309	6276
309	6277
309	6278
309	6279
309	6280
309	6281
309	6282
309	6283
309	6284
309	6285
309	6286
309	6287
309	6288
309	6289
309	6290
309	6291
309	6292
309	6293
309	6294
309	6295
309	6296
309	6297
309	6298
309	6299
310	6300
310	6301
310	6302
310	6303
310	6304
310	6305
310	6306
310	6307
310	6308
310	6309
310	6310
310	6311
310	6312
310	6313
310	6314
310	6315
310	6316
310	6317
310	6318
310	6319
310	6320
310	6321
310	6322
310	6323
310	6324
310	6325
310	6326
310	6327
310	6328
310	6329
310	6330
310	6331
310	6332
310	6333
310	6334
310	6335
310	6336
310	6337
310	6338
310	6339
310	6340
310	6341
310	6342
310	6343
310	6344
310	6345
310	6346
310	6347
310	6348
310	6349
310	6350
310	6351
310	6352
310	6353
310	6354
310	6355
310	6356
310	6357
310	6358
310	6359
310	6360
310	6361
310	6362
310	6363
310	6364
310	6365
310	6366
310	6367
310	6368
310	6369
310	6370
310	6371
310	6372
310	6373
310	6374
310	6375
310	6376
310	6377
310	6378
310	6379
310	6380
310	6381
310	6382
310	6383
310	6384
310	6385
310	6386
310	6387
310	6388
310	6389
310	6390
310	6391
310	6392
310	6393
310	6394
310	6395
310	6396
310	6397
310	6398
310	6399
310	6400
310	6401
310	6402
310	6403
310	6404
310	6405
310	6406
310	6407
310	6408
310	6409
310	6410
310	6411
310	6412
310	6413
310	6414
310	6415
310	6416
310	6417
310	6418
310	6419
310	6420
310	6421
310	6422
310	6423
310	6424
310	6425
310	6426
310	6427
310	6428
310	6429
310	6430
310	6431
310	6432
310	6433
310	6434
310	6435
310	6436
310	6437
310	6438
310	6439
310	6440
310	6441
310	6442
310	6443
310	6444
310	6445
310	6446
310	6447
310	6448
310	6449
310	6450
309	6451
309	6452
309	6453
309	6454
309	6455
309	6456
309	6457
309	6458
309	6459
309	6460
309	6461
309	6462
309	6463
309	6464
309	6465
309	6466
309	6467
309	6468
309	6469
309	6470
309	6471
309	6472
309	6473
309	6474
309	6475
309	6476
309	6477
309	6478
309	6479
309	6480
309	6481
309	6482
309	6483
309	6484
309	6485
309	6486
309	6487
309	6488
309	6489
309	6490
309	6491
309	6492
309	6493
309	6494
309	6495
309	6496
309	6497
333	6498
309	6499
389	6500
309	6501
341	6502
309	6503
309	6504
309	6505
309	6506
309	6507
308	6508
308	6509
308	6510
308	6511
308	6512
308	6513
308	6514
308	6515
308	6516
308	6517
308	6518
308	6519
308	6520
308	6521
308	6522
308	6523
308	6524
308	6525
308	6526
308	6527
308	6528
308	6529
308	6530
308	6531
308	6532
308	6533
308	6534
308	6535
308	6536
308	6537
308	6538
308	6539
308	6540
308	6541
308	6542
308	6543
308	6544
308	6545
308	6546
308	6547
307	6548
307	6549
307	6550
307	6551
307	6552
307	6553
307	6554
307	6555
307	6556
307	6557
307	6558
307	6559
307	6560
307	6561
307	6562
307	6563
307	6564
307	6565
307	6566
307	6567
307	6568
307	6569
307	6570
307	6571
307	6572
307	6573
307	6574
307	6575
307	6576
307	6577
307	6578
307	6579
307	6580
307	6581
306	6582
306	6583
306	6584
306	6585
306	6586
306	6587
306	6588
306	6589
306	6590
306	6591
306	6592
306	6593
306	6594
306	6595
306	6596
306	6597
306	6598
306	6599
306	6600
306	6601
306	6602
306	6603
306	6604
306	6605
306	6606
306	6607
306	6608
306	6609
306	6610
305	6611
305	6612
305	6613
305	6614
305	6615
305	6616
305	6617
305	6618
305	6619
305	6620
305	6621
305	6622
305	6623
305	6624
305	6625
305	6626
305	6627
305	6628
305	6629
305	6630
305	6631
305	6632
305	6633
305	6634
305	6635
305	6636
305	6637
305	6638
304	6639
304	6640
304	6641
304	6642
304	6643
304	6644
304	6645
304	6646
304	6647
304	6648
304	6649
304	6650
304	6651
304	6652
304	6653
304	6654
304	6655
304	6656
304	6657
304	6658
304	6659
304	6660
304	6661
304	6662
304	6663
304	6664
303	6665
303	6666
303	6667
303	6668
303	6669
303	6670
303	6671
303	6672
303	6673
303	6674
303	6675
303	6676
303	6677
303	6678
303	6679
303	6680
303	6681
303	6682
303	6683
303	6684
303	6685
303	6686
303	6687
303	6688
303	6689
302	6690
302	6691
302	6692
302	6693
302	6694
302	6695
302	6696
302	6697
302	6698
302	6699
302	6700
302	6701
302	6702
302	6703
302	6704
302	6705
302	6706
302	6707
302	6708
302	6709
302	6710
302	6711
302	6712
302	6713
302	6714
301	6715
301	6716
301	6717
301	6718
301	6719
301	6720
301	6721
301	6722
301	6723
301	6724
301	6725
301	6726
301	6727
301	6728
301	6729
301	6730
301	6731
301	6732
301	6733
301	6734
301	6735
301	6736
301	6737
301	6738
300	6739
300	6740
300	6741
300	6742
300	6743
300	6744
300	6745
300	6746
300	6747
300	6748
300	6749
300	6750
300	6751
300	6752
300	6753
300	6754
300	6755
300	6756
300	6757
300	6758
300	6759
300	6760
300	6761
299	6762
299	6763
299	6764
299	6765
299	6766
299	6767
299	6768
299	6769
299	6770
299	6771
299	6772
299	6773
299	6774
299	6775
299	6776
299	6777
299	6778
299	6779
299	6780
299	6781
299	6782
299	6783
299	6784
299	6785
298	6786
298	6787
298	6788
298	6789
298	6790
298	6791
298	6792
298	6793
298	6794
298	6795
298	6796
298	6797
298	6798
298	6799
298	6800
298	6801
298	6802
298	6803
298	6804
298	6805
298	6806
298	6807
298	6808
298	6809
298	6810
297	6811
297	6812
297	6813
297	6814
297	6815
297	6816
297	6817
297	6818
297	6819
297	6820
297	6821
297	6822
297	6823
297	6824
297	6825
297	6826
297	6827
297	6828
297	6829
297	6830
297	6831
297	6832
297	6833
297	6834
297	6835
296	6836
296	6837
296	6838
296	6839
296	6840
296	6841
296	6842
296	6843
296	6844
296	6845
296	6846
296	6847
296	6848
296	6849
296	6850
296	6851
296	6852
296	6853
296	6854
296	6855
296	6856
296	6857
296	6858
296	6859
296	6860
296	6861
295	6862
295	6863
295	6864
295	6865
295	6866
295	6867
295	6868
295	6869
295	6870
295	6871
295	6872
295	6873
295	6874
295	6875
295	6876
295	6877
295	6878
295	6879
295	6880
295	6881
295	6882
295	6883
295	6884
295	6885
295	6886
295	6887
295	6888
295	6889
294	6890
294	6891
294	6892
294	6893
294	6894
294	6895
294	6896
294	6897
294	6898
294	6899
294	6900
294	6901
294	6902
294	6903
294	6904
294	6905
294	6906
294	6907
294	6908
294	6909
294	6910
294	6911
294	6912
294	6913
294	6914
294	6915
294	6916
294	6917
294	6918
293	6919
293	6920
293	6921
293	6922
293	6923
293	6924
293	6925
293	6926
293	6927
293	6928
293	6929
293	6930
293	6931
293	6932
293	6933
293	6934
293	6935
293	6936
293	6937
293	6938
293	6939
293	6940
293	6941
293	6942
293	6943
293	6944
293	6945
293	6946
293	6947
293	6948
293	6949
293	6950
293	6951
293	6952
292	6953
292	6954
292	6955
292	6956
292	6957
292	6958
292	6959
292	6960
292	6961
292	6962
292	6963
292	6964
292	6965
292	6966
292	6967
292	6968
292	6969
292	6970
292	6971
292	6972
292	6973
292	6974
292	6975
292	6976
292	6977
292	6978
292	6979
292	6980
292	6981
292	6982
292	6983
292	6984
292	6985
292	6986
292	6987
292	6988
292	6989
292	6990
292	6991
292	6992
291	6993
291	6994
291	6995
291	6996
291	6997
315	6998
291	6999
371	7000
291	7001
323	7002
291	7003
291	7004
291	7005
291	7006
291	7007
291	7008
291	7009
291	7010
291	7011
291	7012
291	7013
291	7014
291	7015
291	7016
291	7017
291	7018
291	7019
291	7020
291	7021
291	7022
291	7023
291	7024
291	7025
291	7026
291	7027
291	7028
291	7029
291	7030
291	7031
291	7032
291	7033
291	7034
291	7035
291	7036
291	7037
291	7038
291	7039
291	7040
291	7041
291	7042
291	7043
291	7044
291	7045
291	7046
291	7047
291	7048
291	7049
290	7050
290	7051
290	7052
290	7053
290	7054
290	7055
290	7056
290	7057
290	7058
290	7059
290	7060
290	7061
290	7062
290	7063
290	7064
290	7065
290	7066
290	7067
290	7068
290	7069
290	7070
290	7071
290	7072
290	7073
290	7074
290	7075
290	7076
290	7077
290	7078
290	7079
290	7080
290	7081
290	7082
290	7083
290	7084
290	7085
290	7086
290	7087
290	7088
290	7089
290	7090
290	7091
290	7092
290	7093
290	7094
290	7095
290	7096
290	7097
290	7098
290	7099
290	7100
290	7101
290	7102
290	7103
290	7104
290	7105
290	7106
290	7107
290	7108
290	7109
290	7110
290	7111
290	7112
290	7113
290	7114
290	7115
290	7116
290	7117
290	7118
290	7119
290	7120
290	7121
290	7122
290	7123
290	7124
290	7125
290	7126
290	7127
290	7128
290	7129
290	7130
290	7131
290	7132
290	7133
290	7134
290	7135
290	7136
290	7137
290	7138
290	7139
290	7140
290	7141
290	7142
290	7143
290	7144
290	7145
290	7146
290	7147
290	7148
290	7149
290	7150
290	7151
290	7152
290	7153
290	7154
290	7155
290	7156
290	7157
290	7158
290	7159
290	7160
290	7161
290	7162
290	7163
290	7164
290	7165
290	7166
290	7167
290	7168
290	7169
290	7170
290	7171
290	7172
290	7173
290	7174
290	7175
290	7176
290	7177
290	7178
290	7179
290	7180
290	7181
290	7182
290	7183
290	7184
290	7185
290	7186
290	7187
290	7188
290	7189
290	7190
290	7191
290	7192
290	7193
290	7194
290	7195
290	7196
290	7197
290	7198
290	7199
290	7200
291	7201
291	7202
291	7203
291	7204
291	7205
291	7206
291	7207
291	7208
291	7209
291	7210
291	7211
291	7212
291	7213
291	7214
291	7215
291	7216
291	7217
291	7218
291	7219
291	7220
291	7221
291	7222
291	7223
291	7224
291	7225
291	7226
291	7227
291	7228
291	7229
291	7230
291	7231
291	7232
291	7233
291	7234
291	7235
291	7236
291	7237
291	7238
291	7239
291	7240
291	7241
291	7242
291	7243
291	7244
291	7245
291	7246
291	7247
291	7248
291	7249
291	7250
291	7251
291	7252
291	7253
291	7254
291	7255
291	7256
291	7257
292	7258
292	7259
292	7260
292	7261
292	7262
292	7263
292	7264
292	7265
292	7266
292	7267
292	7268
292	7269
292	7270
292	7271
292	7272
292	7273
292	7274
292	7275
292	7276
292	7277
292	7278
292	7279
292	7280
292	7281
292	7282
292	7283
292	7284
292	7285
292	7286
292	7287
292	7288
292	7289
292	7290
292	7291
292	7292
292	7293
292	7294
292	7295
292	7296
292	7297
293	7298
293	7299
293	7300
293	7301
293	7302
293	7303
293	7304
293	7305
293	7306
293	7307
293	7308
293	7309
293	7310
293	7311
293	7312
293	7313
293	7314
293	7315
293	7316
293	7317
293	7318
293	7319
293	7320
293	7321
293	7322
293	7323
293	7324
293	7325
293	7326
293	7327
293	7328
293	7329
293	7330
293	7331
294	7332
294	7333
294	7334
294	7335
294	7336
294	7337
294	7338
294	7339
294	7340
294	7341
294	7342
294	7343
294	7344
294	7345
294	7346
294	7347
294	7348
294	7349
294	7350
294	7351
294	7352
294	7353
294	7354
294	7355
294	7356
294	7357
294	7358
294	7359
294	7360
295	7361
295	7362
295	7363
295	7364
295	7365
295	7366
295	7367
295	7368
295	7369
295	7370
295	7371
295	7372
295	7373
295	7374
295	7375
295	7376
295	7377
295	7378
295	7379
295	7380
295	7381
295	7382
295	7383
295	7384
295	7385
295	7386
295	7387
295	7388
296	7389
296	7390
296	7391
296	7392
296	7393
296	7394
296	7395
296	7396
296	7397
296	7398
296	7399
296	7400
296	7401
296	7402
296	7403
296	7404
296	7405
296	7406
296	7407
296	7408
296	7409
296	7410
296	7411
296	7412
296	7413
296	7414
297	7415
297	7416
297	7417
297	7418
297	7419
297	7420
297	7421
297	7422
297	7423
297	7424
297	7425
297	7426
297	7427
297	7428
297	7429
297	7430
297	7431
297	7432
297	7433
297	7434
297	7435
297	7436
297	7437
297	7438
297	7439
298	7440
298	7441
298	7442
298	7443
298	7444
298	7445
298	7446
298	7447
298	7448
298	7449
298	7450
298	7451
298	7452
298	7453
298	7454
298	7455
298	7456
298	7457
298	7458
298	7459
298	7460
298	7461
298	7462
298	7463
298	7464
299	7465
299	7466
299	7467
299	7468
299	7469
299	7470
299	7471
299	7472
299	7473
299	7474
299	7475
299	7476
299	7477
299	7478
299	7479
299	7480
299	7481
299	7482
299	7483
299	7484
299	7485
299	7486
299	7487
299	7488
300	7489
300	7490
300	7491
300	7492
300	7493
300	7494
300	7495
300	7496
300	7497
300	7498
300	7499
